[problem_1]
fitness = 0.6649239168843777
execution_time = 1.8165768333322678
timestamp = "2024-12-22T16:36:42.845501"

[problem_1.parameters]
tournament_size = 3
mutation_prob = 0.2
crossover_prob = 0.7
elitism_count = 5
population_size = 500
generations = 100
max_depth = 4
min_depth = 2
